0S
3828871 365
1840 1
1187 1
1164 1
11333 1
1187 1
1164 1
1185 1
1187 1
1164 1
1163 1
1309 1
1308 1
1309 1
1164 1
1184 1
1161 1
1185 1
11333 1
1186 1
1184 1
8403 1
1163 1
1164 1
1186 1
1165 1
1187 1
1185 1
1165 1
1186 1
1164 1
10955 1
10873 1
1187 1
10955 1
10873 1
11333 1
1164 1
1186 1
1163 1
6859 1
1184 1
10955 1
10873 1
1186 1
1187 1
1163 1
1186 1
1186 1
1187 1
1187 1
1187 1
1185 1
1185 1
1165 1
1186 1
11333 1
2037 1
1186 1
11333 1
10955 1
10873 1
1164 1
11333 1
10969 1
11333 1
1182 1
1186 1
1184 1
9805 1
1186 1
10969 1
3515 1
3331 1
10955 1
10873 1
1187 1
10955 1
10873 1
1185 1
10969 1
1185 1
10955 1
10873 1
10955 1
10873 1
10955 1
10873 1
10955 1
10873 1
10955 1
10873 1
1187 1
10955 1
10873 1
10955 1
10873 1
10955 1
10873 1
1187 1
10955 1
10873 1
1185 1
10955 1
10873 1
10955 1
10873 1
10955 1
10873 1
1187 1
7085 1
1186 1
10955 1
10873 1
10955 1
10873 1
10955 1
10873 1
8540 1
10955 1
10873 1
1830 1
1829 1
12489 1
1186 1
7524 1
1182 1
1185 1
1185 1
8556 1
1833 1
10991 1
1186 1
10991 1
10991 1
10955 1
10873 1
10955 1
10873 1
10991 1
11357 1
1184 1
1164 1
1186 1
10955 1
10873 1
10955 1
10873 1
10991 1
10955 1
10873 1
10991 1
10991 1
10955 1
10873 1
10991 1
10967 1
10955 1
10873 1
10955 1
10873 1
1185 1
7026 1
2138 1
4184 1
10955 1
10873 1
10955 1
10873 1
10991 1
1185 1
10991 1
3297 1
3431 1
3218 1
10991 1
10991 1
1186 1
10991 1
1185 1
10955 1
10873 1
10991 1
10955 1
10873 1
10955 1
10873 1
1164 1
10955 1
10873 1
2967 1
10955 1
10873 1
8532 1
2179 1
1824 1
10955 1
10873 1
1187 1
10977 1
7808 1
10991 1
10967 1
1185 1
1163 1
4094 1
10991 1
10955 1
10873 1
10955 1
10873 1
1186 1
10955 1
10873 1
10955 1
10873 1
10955 1
10873 1
1275 1
1940 1
10991 1
1187 1
10955 1
10873 1
10955 1
10873 1
1186 1
24317 1
1186 1
7925 1
10969 1
1185 1
10955 1
10873 1
10955 1
10873 1
6937 1
10955 1
10873 1
10955 1
10873 1
10955 1
10873 1
1186 1
10955 1
10873 1
10955 1
10873 1
10955 1
10873 1
10977 1
10955 1
10873 1
10955 1
10873 1
8538 1
10955 1
10873 1
1835 1
1300 1
1162 1
10955 1
10873 1
10955 1
10873 1
10963 1
11327 1
10963 1
10963 1
11327 1
10967 1
1187 1
24356 1
10967 1
1180 1
1183 1
7599 1
1186 1
1163 1
24315 1
7140 1
2015 1
14148 1
1185 1
8552 1
1186 1
1186 1
10967 1
1844 1
7886 1
10955 1
10873 1
10955 1
10873 1
1186 1
10955 1
10873 1
10955 1
10873 1
8546 1
10955 1
10873 1
10955 1
10873 1
10955 1
10873 1
1182 1
10955 1
10873 1
10955 1
10873 1
11319 1
11239 1
10991 1
10991 1
10955 1
10873 1
10991 1
10991 1
10991 1
10955 1
10873 1
1163 1
10991 1
10955 1
10873 1
10955 1
10873 1
7225 1
10991 1
10991 1
11333 1
10991 1
10991 1
10991 1
10991 1
10991 1
10991 1
10991 1
10991 1
10991 1
1185 1
10991 1
10955 1
10873 1
7383 1
10955 1
10873 1
10967 1
10955 1
10873 1
1186 1
10955 1
10873 1
10967 1
21044 1
10955 1
10873 1
10955 1
10873 1
10955 1
10873 1
10991 1
10991 1
7186 1
10955 1
10873 1
10991 1
10967 1
1185 1
10967 1
10991 1
6937 1
5067 1
10991 1
10991 1
10991 1
10967 1
1164 1
10991 1
1306 1
1305 1
1313 1
1307 1
1307 1
10991 1
10967 1
3468 1
10967 1
6767 1
10955 1
10873 1
10955 1
10873 1
10967 1
1186 1
10967 1
10955 1
10873 1
10967 1
10991 1
10955 1
10873 1
6124 1
10991 1
10991 1
10991 1
10991 1
10967 1
10955 1
10873 1
10967 1
10955 1
10873 1
10955 1
10873 1
1165 1
10991 1
10991 1
10991 1
10991 1
10977 1
10967 1
1164 1
10991 1
6061 1
10967 1
10955 1
10873 1
1187 1
10955 1
10873 1
10955 1
10873 1
5403 1
10955 1
10873 1
1165 1
10967 1
6929 1
1836 1
1187 1
10991 1
1207 1
1866 1
8518 1
10955 1
10873 1
10955 1
10873 1
1187 1
10957 1
11321 1
10963 1
10965 1
10991 1
10965 1
10991 1
10957 1
11321 1
1186 1
1164 1
10957 1
10965 1
10991 1
10991 1
10991 1
1186 1
10965 1
1186 1
10967 1
7728 1
1186 1
10957 1
10965 1
11333 1
8421 1
7181 1
10963 1
