1073741824S,0C
0 0
80821 1
17001 1
19830 1
19838 1
19831 1
19464 1
19833 1
19843 1
19834 1
19829 1
21024 1
21022 1
21025 1
21022 1
21016 1
20888 1
21016 1
21018 1
20900 1
20884 1
21013 1
20909 1
21030 1
21024 1
20884 1
20889 1
21250 1
20704 1
20884 1
20898 1
20892 1
20892 1
20881 1
20896 1
20896 1
20882 1
20878 1
20891 1
20901 1
20884 1
20892 1
20878 1
20894 1
20887 1
20880 1
20879 1
20896 1
20891 1
21024 1
20895 1
20881 1
20877 1
18495 1
20806 1
20804 1
20438 1
20418 1
20814 1
20411 1
20805 1
20800 1
20429 1
20803 1
20439 1
20805 1
20560 1
20421 1
20561 1
20431 1
20422 1
20094 1
20426 1
20421 1
20434 1
17974 1
16756 1
15922 1
16745 1
18248 1
19199 1
19190 1
19194 1
19187 1
19189 1
19197 1
19193 1
16852 1
19209 1
16865 1
19235 1
19217 1
19224 1
19191 1
19199 1
19218 1
19599 1
19187 1
19193 1
19224 1
19181 1
19226 1
19225 1
19171 1
19340 1
19208 1
19172 1
19315 1
19329 1
19184 1
19233 1
19229 1
19219 1
19226 1
18920 1
19193 1
19224 1
19186 1
19182 1
19182 1
18881 1
16842 1
19180 1
19212 1
19229 1
19197 1
19183 1
19226 1
19194 1
19185 1
19188 1
19184 1
19212 1
19195 1
19185 1
19209 1
19195 1
19180 1
19198 1
19194 1
19307 1
19199 1
19192 1
19191 1
19219 1
19193 1
19194 1
16856 1
19190 1
19197 1
19197 1
19186 1
19567 1
19206 1
19198 1
19566 1
19193 1
19198 1
16864 1
19205 1
19191 1
19179 1
19203 1
19200 1
16864 1
19190 1
19192 1
19187 1
18883 1
18877 1
19248 1
18916 1
18911 1
18882 1
18913 1
18916 1
18913 1
18883 1
18922 1
18887 1
18882 1
18912 1
19243 1
19586 1
19229 1
19247 1
19230 1
18916 1
19231 1
19223 1
19245 1
19237 1
19246 1
19233 1
19376 1
19386 1
19389 1
19377 1
19381 1
19395 1
19381 1
19382 1
19369 1
19405 1
19421 1
19379 1
19404 1
19384 1
19393 1
19425 1
19411 1
19409 1
19423 1
18310 1
19404 1
19425 1
19423 1
19392 1
19220 1
19192 1
19374 1
19381 1
19397 1
19376 1
19209 1
19417 1
18251 1
19374 1
18285 1
19221 1
19230 1
19418 1
19243 1
19391 1
19371 1
19206 1
19363 1
19379 1
19404 1
18288 1
19419 1
19410 1
19421 1
19220 1
19386 1
19222 1
19378 1
19188 1
19201 1
19194 1
19188 1
19202 1
19231 1
16822 1
19167 1
19192 1
19191 1
19738 1
19209 1
19189 1
19228 1
19202 1
19226 1
19194 1
19549 1
19192 1
19195 1
19238 1
19217 1
19233 1
19198 1
19197 1
19178 1
19205 1
19583 1
19191 1
